010010010000000000000000000000000000000000000000000000000000000000000000
000010010000011000100000100000000000000000000000000000000000000000000000
000001010100000000010000110110000000000000001000000000000000000000000000
000001010100000000010000110110000000000000001000000000000000000000000000
011010100000000000000000000000000000000000000000000000000000000000000000
000010010000011000100000100000100000000000000000000000000000000000000000
000001010100000000010000110110000010000000001000000000000000000000000000
000001010100000000010000110110000010000000001000000000000000000000000000
000011000100000000100000000001100000000000000000000100000000000000000000
000010010000011000100000100001000000000000000000000000000000000000000000
010010111000000000000000000000000001000000000000000000000000000000000000
000101100000000000100000000001100000000001000000000000010010000000000000
000010010000000100000100110000000000000000000000000000000000001010010000
000010010000011000001000100000000000000000000000000000000000000000000000
000010010000010000010000001010000010000000000000000000000000000000000000
000011100100000000010000000000000000000000000000000000000000000000000000
001010000000000000000000000000011100000000000000000000000000000000000000
001010001000000000000000000000011000000000000000000000000000000000000000
010011101100000110000000000000000001000000011000000000000000000000000010
010011101100000110000000000000000001000000011000000000000000000000000010
000010010000010110000101110000000000000000000000000000000000010110100000
000010010000010110000101001100000010000000000000000000000000010110100000
000010010000000100000100001000000010000000000000000000000000000000000000
000101101100000000000000000000000000000000000000101000000000000000000000
001011000010000000000000000000010000000000000000000000000000000000000000
000100100100010000100000000000000000000000000000001110000000000000000000
000011001000000101000010000000000100000000000000000000000000000000000000
000010010000000001000000000000000100000100000000000000000000000000000000
001011100010010010000001000000010100000000000000000000000000000110000000
011010111000000000000000000000000001000000000000000000000000000000000000
000010010000000101000010000000000100000000000000000000000000100001000000
000101100000000000100000000001100000000001000000000000000010000000000000
100000000000100000000000000000000000000000000000000000000000000000000000
001100001010000000000000000000010100000000000000000000000000111000000000
100000000000000000000000000000000000100000000000000000000000000000000000
000100000001000001000000000000000100000000010000000000000000000000000000
001100100010000000000000000000010000000000000000000000000000000000000000
001100101000000000000000000000011100000000000000000000000000000000000000
000011011000010000100000000000000000000010000000001111000000000000000000
000111011010010010000001000000000100000000000000010000000000111000001100
001101000000000001000000000000011100000000000000000000000000000000000000
001101001010000000000000000000010000000000000000000000000000000000000000
000101001100000000000000000000000000000000000100000000000000000000000000
000010010000000101000010000000000100000000000000000000000000000000000000
000110011010000000000000000000000100000000100010000000000001000000000000
001101101010000000000000000000010000000000000000000000000000000000000000
100000000000000000000000000000000000111000000000000000000000000000000000
001101110000000000000000000000000001000000000000000000000000000000000000
001110000010000000000000000000010000000000000000000000000000000000000000
000010001010000000100000000001100000000000000000000000000000000000000000
000010010000011001000000000000000000000000000000000000000000000000000000
000111001000010000100000000001100000000010000000001101000000000000000000
001110100010000000000000000000010100000000000000000000000000000000000000
000010000010000000100000000001100100000000000000000000000000000000000000
000010010000011001000000000000000100000000000000000000000000000000000000
000101100000000000100000000001100000000001000000000000001010000000000000
001111000000000000000000000000011100000000000000000000000000000000000000
000100101100010000100000000000000000000000000000001110100000000000000000
100000000100000000000000000000000000110000000001000000000000000000000000
000101000100010000100000000000000000000000000000001110100000000000000000
000111000010000000000000000000000000000000000000000000000000000000000001
000101100000000000100000000001100000000001000000000000001010000000000000
000101100000000000100000000001100000000001000000000000001110000000000000
000101100000000000100000000001100000000001000000000000000110000000000000
