010010010000000000000000000000000000000000000000000000000000000
000010010000011000100000100000000000000000000000000000000000000
000100010100000000010000110110000000000000000000000000000000000
000100010100000000010000110110000000000000000000000000000000000
011010100000000000000000000000000000000000000000000000000000000
000010010000011000100000100000100000000000000000000000000000000
000100010100000000010000110110000010000000000000000000000000000
000100010100000000010000110110000010000000000000000000000000000
000011001100000000100000000001100000000000000110000000000000000
000010010000011000100000100001000000000000000000000000000000000
000010010000000001000000000000000100010000000000000000000000000
000100101000000000100000000001100000000100000000011100000000000
000010010000000100000100110000000000000000000000000000010100100
000010010000011000001000100000000000000000000000000000000000000
000010010000010000010000001010000010000000000000000000000000000
000011100100000000010000000000000000000000000000000000000000000
001010000000000000000000000000011100000000000000000000000000000
001010001000000000000000000000011000000000000000000000000000000
001101110100000110000000000000000001000000000000000000000000000
001101110100000110000000000000000001000000000000000000000000000
000010010000010110000101110000000000000000000000000000101101000
000010010000010110000101001100000010000000000000000000101101000
000010010000000100000100001000000010000000000000000000000000000
000011000100010000100000000000000000000000001110000000000000000
001011000010000000000000000000010000000000000000000000000000000
001011001010000000000000000000010000000000000000000000000000000
001001010000010000100000000000000000001000001111000000000000000
000010111000000101000010000000000100000000000000000000000000000
001011100010010010000001000000010100000000000000000000001100000
011100001000000000000000000000000001000000000000000000000000000
000010010000000101000010000000000100000000000000000001000010000
100000000000000000000000000000000000100000000000000000000000000
100000000000100000000000000000000000000000000000000000000000000
001100001010000000000000000000010100000000000000000001110000000
001100111000000000000000000000000001000000000000000000000000000
000100000001000001000000000000000100000000000000000000000000000
001100100000000000000000000000011100000000000000000000000000000
000101011010000000000000000000000100000010100000000010000000000
000101111010010010000001000000000100000000010000000001110000011
010011111000000000000000000000000001000000000000000000000000000
001101000010000000000000000000010000000000000000000000000000000
000100101000000000100000000001100000000100000000000100000000000
000010010000000101000010000000000100000000000000000000000000000
000101101000010000100000000001100000001000001101000000000000000
000000000000000000000000000000000000000000000000000000000000000
000100100100010000100000000000000000000000001110100000000000000
010011101000000000000000000000000001000000000000000000000000000
000111000100010000100000000000000000000000001110100000000000000
001110000010000000000000000000010000000000000000000000000000000
000010001010000000100000000001100000000000000000000000000000000
000010010000011001000000000000000000000000000000000000000000000
000000000000000000000000000000000000000000000000000000000000000
001110100010000000000000000000010100000000000000000000000000000
000010000010000000100000000001100100000000000000000000000000000
000010010000011001000000000000000100000000000000000000000000000
000100101000000000100000000001100000000100000000001100000000000
001111000000000000000000000000011100000000000000000000000000000
000000000000000000000000000000000000000000000000000000000000000
000101000100000000000000000000000000000001000000000000000000000
000000000000000000000000000000000000000000000000000000000000000
000000000000000000000000000000000000000000000000000000000000000
000100101000000000100000000001100000000100000000010100000000000
000100101000000000100000000001100000000100000000001100000000000
000100101000000000100000000001100000000100000000010100000000000
